function f = population(x)
    f = 19727300/(1+e^(0.3134*(x-1913.25)))
end

t = 1790:10:2000
